0 0.000000000000
0.1 0.000000000002
0.2 0.000000000177
0.3 0.000000003661
0.4 0.000000035150
0.5 0.000000213934
0.6 0.000000962136
0.7 0.000003487930
0.8 0.000010759366
0.9 0.000029277150
1 0.000072064277
1.1 0.000163416877
1.2 0.000346103874
1.3 0.000691863246
1.4 0.001316219630
1.5 0.002398841906
1.6 0.004210870073
1.7 0.007150868334
1.8 0.011791305703
1.9 0.018937726744
2 0.029703053193
2.1 0.045599752211
2.2 0.068652918856
2.3 0.101537649089
2.4 0.147744425204
2.5 0.211776597956
2.6 0.299384428997
2.7 0.417840553333
2.8 0.576262134515
2.9 0.785985415141
3 1.000000000000
3.1 1.000000000000
3.2 1.000000000000
3.3 1.000000000000
3.4 1.000000000000
3.5 1.000000000000
3.6 1.000000000000
3.7 1.000000000000
3.8 1.000000000000
3.9 1.000000000000
4 1.000000000000
4.1 1.000000000000
4.2 1.000000000000
4.3 1.000000000000
4.4 1.000000000000
4.5 1.000000000000
4.6 1.000000000000
4.7 1.000000000000
4.8 1.000000000000
4.9 1.000000000000
5 1.000000000000
5.1 1.000000000000
5.2 1.000000000000
5.3 1.000000000000
5.4 1.000000000000
5.5 1.000000000000
5.6 1.000000000000
5.7 1.000000000000
5.8 1.000000000000
5.9 1.000000000000
6 1.000000000000
6.1 1.000000000000
6.2 1.000000000000
6.3 1.000000000000
6.4 1.000000000000
6.5 1.000000000000
6.6 1.000000000000
6.7 1.000000000000
6.8 1.000000000000
6.9 1.000000000000
7 1.000000000000
7.1 0.785985415141
7.2 0.576262134515
7.3 0.417840553333
7.4 0.299384428997
7.5 0.211776597956
7.6 0.147744425204
7.7 0.101537649089
7.8 0.068652918856
7.9 0.045599752211
8 0.029703053193
8.1 0.018937726744
8.2 0.011791305703
8.3 0.007150868334
8.4 0.004210870073
8.5 0.002398841906
8.6 0.001316219630
8.7 0.000691863246
8.8 0.000346103874
8.9 0.000163416877
9 0.000072064277
9.1 0.000029277150
9.2 0.000010759366
9.3 0.000003487930
9.4 0.000000962136
9.5 0.000000213934
9.6 0.000000035150
9.7 0.000000003661
9.8 0.000000000177
9.9 0.000000000002
10 0.000000000000
