0 0.004135901447
0.1 0.017956996769
0.2 0.041521047479
0.3 0.076794406342
0.4 0.124229889383
0.5 0.182635758640
0.6 0.249516849973
0.7 0.321668627513
0.8 0.395783017802
0.9 0.468908424093
1 0.538710572240
1.1 0.603555038770
1.2 0.662465434136
1.3 0.715013942501
1.4 0.761188525571
1.5 0.801265011704
1.6 0.835698490289
1.7 0.865038840342
1.8 0.889869601709
1.9 0.910766716475
2 0.928272844276
2.1 0.942883141858
2.2 0.955039031915
2.3 0.965127240466
2.4 0.973482088271
2.5 0.980389611844
2.6 0.986092548858
2.7 0.990795562946
2.8 0.994670324911
2.9 0.997860233796
3 1.000000000000
3.1 1.000000000000
3.2 1.000000000000
3.3 1.000000000000
3.4 1.000000000000
3.5 1.000000000000
3.6 1.000000000000
3.7 1.000000000000
3.8 1.000000000000
3.9 1.000000000000
4 1.000000000000
4.1 1.000000000000
4.2 1.000000000000
4.3 1.000000000000
4.4 1.000000000000
4.5 1.000000000000
4.6 1.000000000000
4.7 1.000000000000
4.8 1.000000000000
4.9 1.000000000000
5 1.000000000000
5.1 1.000000000000
5.2 1.000000000000
5.3 1.000000000000
5.4 1.000000000000
5.5 1.000000000000
5.6 1.000000000000
5.7 1.000000000000
5.8 1.000000000000
5.9 1.000000000000
6 1.000000000000
6.1 1.000000000000
6.2 1.000000000000
6.3 1.000000000000
6.4 1.000000000000
6.5 1.000000000000
6.6 1.000000000000
6.7 1.000000000000
6.8 1.000000000000
6.9 1.000000000000
7 1.000000000000
7.1 0.997860233796
7.2 0.994670324911
7.3 0.990795562946
7.4 0.986092548858
7.5 0.980389611844
7.6 0.973482088271
7.7 0.965127240466
7.8 0.955039031915
7.9 0.942883141858
8 0.928272844276
8.1 0.910766716475
8.2 0.889869601709
8.3 0.865038840342
8.4 0.835698490289
8.5 0.801265011704
8.6 0.761188525571
8.7 0.715013942501
8.8 0.662465434136
8.9 0.603555038770
9 0.538710572240
9.1 0.468908424093
9.2 0.395783017802
9.3 0.321668627513
9.4 0.249516849973
9.5 0.182635758640
9.6 0.124229889383
9.7 0.076794406342
9.8 0.041521047479
9.9 0.017956996769
10 0.004135901447
