0 0.001299791644
0.1 0.004093914822
0.2 0.007176706067
0.3 0.010588589966
0.4 0.014377168748
0.5 0.018598768020
0.6 0.023320372781
0.7 0.028622065834
0.8 0.034600116102
0.9 0.041370911592
1 0.049075994324
1.1 0.057888537014
1.2 0.068021708117
1.3 0.079739506326
1.4 0.093370805507
1.5 0.109327519631
1.6 0.128127921903
1.7 0.150426099252
1.8 0.177047980378
1.9 0.209032651816
2 0.247673308045
2.1 0.294542218360
2.2 0.351463045644
2.3 0.420353022289
2.4 0.502788373534
2.5 0.599060297572
2.6 0.706478824789
2.7 0.817034530424
2.8 0.915683271777
2.9 0.982185870741
3 1.000000000000
3.1 1.000000000000
3.2 1.000000000000
3.3 1.000000000000
3.4 1.000000000000
3.5 1.000000000000
3.6 1.000000000000
3.7 1.000000000000
3.8 1.000000000000
3.9 1.000000000000
4 1.000000000000
4.1 1.000000000000
4.2 1.000000000000
4.3 1.000000000000
4.4 1.000000000000
4.5 1.000000000000
4.6 1.000000000000
4.7 1.000000000000
4.8 1.000000000000
4.9 1.000000000000
5 1.000000000000
5.1 1.000000000000
5.2 1.000000000000
5.3 1.000000000000
5.4 1.000000000000
5.5 1.000000000000
5.6 1.000000000000
5.7 1.000000000000
5.8 1.000000000000
5.9 1.000000000000
6 1.000000000000
6.1 1.000000000000
6.2 1.000000000000
6.3 1.000000000000
6.4 1.000000000000
6.5 1.000000000000
6.6 1.000000000000
6.7 1.000000000000
6.8 1.000000000000
6.9 1.000000000000
7 1.000000000000
7.1 0.982185870741
7.2 0.915683271777
7.3 0.817034530424
7.4 0.706478824789
7.5 0.599060297572
7.6 0.502788373534
7.7 0.420353022289
7.8 0.351463045644
7.9 0.294542218360
8 0.247673308045
8.1 0.209032651816
8.2 0.177047980378
8.3 0.150426099252
8.4 0.128127921903
8.5 0.109327519631
8.6 0.093370805507
8.7 0.079739506326
8.8 0.068021708117
8.9 0.057888537014
9 0.049075994324
9.1 0.041370911592
9.2 0.034600116102
9.3 0.028622065834
9.4 0.023320372781
9.5 0.018598768020
9.6 0.014377168748
9.7 0.010588589966
9.8 0.007176706067
9.9 0.004093914822
10 0.001299791644
