0 0.001782683077
0.1 0.006113607747
0.2 0.011660014523
0.3 0.018685013977
0.4 0.027484227486
0.5 0.038382538126
0.6 0.051728245095
0.7 0.067884250076
0.8 0.087216026501
0.9 0.110076301239
1 0.136786610717
1.1 0.167616170997
1.2 0.202758808324
1.3 0.242309010151
1.4 0.286238448093
1.5 0.334374560900
1.6 0.386382933975
1.7 0.441755241248
1.8 0.499804401606
1.9 0.559668332343
2 0.620323257396
2.1 0.680606965492
2.2 0.739251746763
2.3 0.794926014348
2.4 0.846282900155
2.5 0.892013467140
2.6 0.930901669013
2.7 0.961877869276
2.8 0.984067646500
2.9 0.996832783119
3 1.000000000000
3.1 1.000000000000
3.2 1.000000000000
3.3 1.000000000000
3.4 1.000000000000
3.5 1.000000000000
3.6 1.000000000000
3.7 1.000000000000
3.8 1.000000000000
3.9 1.000000000000
4 1.000000000000
4.1 1.000000000000
4.2 1.000000000000
4.3 1.000000000000
4.4 1.000000000000
4.5 1.000000000000
4.6 1.000000000000
4.7 1.000000000000
4.8 1.000000000000
4.9 1.000000000000
5 1.000000000000
5.1 1.000000000000
5.2 1.000000000000
5.3 1.000000000000
5.4 1.000000000000
5.5 1.000000000000
5.6 1.000000000000
5.7 1.000000000000
5.8 1.000000000000
5.9 1.000000000000
6 1.000000000000
6.1 1.000000000000
6.2 1.000000000000
6.3 1.000000000000
6.4 1.000000000000
6.5 1.000000000000
6.6 1.000000000000
6.7 1.000000000000
6.8 1.000000000000
6.9 1.000000000000
7 1.000000000000
7.1 0.996832783119
7.2 0.984067646500
7.3 0.961877869276
7.4 0.930901669013
7.5 0.892013467140
7.6 0.846282900155
7.7 0.794926014348
7.8 0.739251746763
7.9 0.680606965492
8 0.620323257396
8.1 0.559668332343
8.2 0.499804401606
8.3 0.441755241248
8.4 0.386382933975
8.5 0.334374560900
8.6 0.286238448093
8.7 0.242309010151
8.8 0.202758808324
8.9 0.167616170997
9 0.136786610717
9.1 0.110076301239
9.2 0.087216026501
9.3 0.067884250076
9.4 0.051728245095
9.5 0.038382538126
9.6 0.027484227486
9.7 0.018685013977
9.8 0.011660014523
9.9 0.006113607747
10 0.001782683077
