0 0.069180765016
0.1 0.127521903509
0.2 0.174570636130
0.3 0.218259663211
0.4 0.260622387900
0.5 0.302433331023
0.6 0.344009796131
0.7 0.385457509537
0.8 0.426768816723
0.9 0.467869062469
1 0.508641373231
1.1 0.548941188236
1.2 0.588605562818
1.3 0.627459573787
1.4 0.665321028900
1.5 0.702004133629
1.6 0.737322485326
1.7 0.771091611643
1.8 0.803131183351
1.9 0.833266980782
2 0.861332662300
2.1 0.887171364090
2.2 0.910637148444
2.3 0.931596310055
2.4 0.949928544850
2.5 0.965527982870
2.6 0.978304084771
2.7 0.988182400516
2.8 0.995105188367
2.9 0.999031892210
3 1.000000000000
3.1 1.000000000000
3.2 1.000000000000
3.3 1.000000000000
3.4 1.000000000000
3.5 1.000000000000
3.6 1.000000000000
3.7 1.000000000000
3.8 1.000000000000
3.9 1.000000000000
4 1.000000000000
4.1 1.000000000000
4.2 1.000000000000
4.3 1.000000000000
4.4 1.000000000000
4.5 1.000000000000
4.6 1.000000000000
4.7 1.000000000000
4.8 1.000000000000
4.9 1.000000000000
5 1.000000000000
5.1 1.000000000000
5.2 1.000000000000
5.3 1.000000000000
5.4 1.000000000000
5.5 1.000000000000
5.6 1.000000000000
5.7 1.000000000000
5.8 1.000000000000
5.9 1.000000000000
6 1.000000000000
6.1 1.000000000000
6.2 1.000000000000
6.3 1.000000000000
6.4 1.000000000000
6.5 1.000000000000
6.6 1.000000000000
6.7 1.000000000000
6.8 1.000000000000
6.9 1.000000000000
7 1.000000000000
7.1 0.999031892210
7.2 0.995105188367
7.3 0.988182400516
7.4 0.978304084771
7.5 0.965527982870
7.6 0.949928544850
7.7 0.931596310055
7.8 0.910637148444
7.9 0.887171364090
8 0.861332662300
8.1 0.833266980782
8.2 0.803131183351
8.3 0.771091611643
8.4 0.737322485326
8.5 0.702004133629
8.6 0.665321028900
8.7 0.627459573787
8.8 0.588605562818
8.9 0.548941188236
9 0.508641373231
9.1 0.467869062469
9.2 0.426768816723
9.3 0.385457509537
9.4 0.344009796131
9.5 0.302433331023
9.6 0.260622387900
9.7 0.218259663211
9.8 0.174570636130
9.9 0.127521903509
10 0.069180765016
