0 0.001071318091
0.1 0.009323671547
0.2 0.025030052937
0.3 0.047384662445
0.4 0.075610173749
0.5 0.108957734017
0.6 0.146706963909
0.7 0.188165957577
0.8 0.232671282665
0.9 0.279587980308
1 0.328309565134
1.1 0.378258025261
1.2 0.428883822299
1.3 0.479665891351
1.4 0.530111641010
1.5 0.579756953362
1.6 0.628166183984
1.7 0.674932161945
1.8 0.719676189805
1.9 0.762048043617
2 0.801725972924
2.1 0.838416700762
2.2 0.871855423659
2.3 0.901805811634
2.4 0.928060008196
2.5 0.950438630349
2.6 0.968790768586
2.7 0.982993986894
2.8 0.992954322750
2.9 0.998606287122
3 1.000000000000
3.1 1.000000000000
3.2 1.000000000000
3.3 1.000000000000
3.4 1.000000000000
3.5 1.000000000000
3.6 1.000000000000
3.7 1.000000000000
3.8 1.000000000000
3.9 1.000000000000
4 1.000000000000
4.1 1.000000000000
4.2 1.000000000000
4.3 1.000000000000
4.4 1.000000000000
4.5 1.000000000000
4.6 1.000000000000
4.7 1.000000000000
4.8 1.000000000000
4.9 1.000000000000
5 1.000000000000
5.1 1.000000000000
5.2 1.000000000000
5.3 1.000000000000
5.4 1.000000000000
5.5 1.000000000000
5.6 1.000000000000
5.7 1.000000000000
5.8 1.000000000000
5.9 1.000000000000
6 1.000000000000
6.1 1.000000000000
6.2 1.000000000000
6.3 1.000000000000
6.4 1.000000000000
6.5 1.000000000000
6.6 1.000000000000
6.7 1.000000000000
6.8 1.000000000000
6.9 1.000000000000
7 1.000000000000
7.1 0.998606287122
7.2 0.992954322750
7.3 0.982993986894
7.4 0.968790768586
7.5 0.950438630349
7.6 0.928060008196
7.7 0.901805811634
7.8 0.871855423659
7.9 0.838416700762
8 0.801725972924
8.1 0.762048043617
8.2 0.719676189805
8.3 0.674932161945
8.4 0.628166183984
8.5 0.579756953362
8.6 0.530111641010
8.7 0.479665891351
8.8 0.428883822299
8.9 0.378258025261
9 0.328309565134
9.1 0.279587980308
9.2 0.232671282665
9.3 0.188165957577
9.4 0.146706963909
9.5 0.108957734017
9.6 0.075610173749
9.7 0.047384662445
9.8 0.025030052937
9.9 0.009323671547
10 0.001071318091
