0 0.003022381811
0.1 0.009686392547
0.2 0.017322936763
0.3 0.026153776829
0.4 0.036470434024
0.5 0.048662158566
0.6 0.063257178624
0.7 0.080983870895
0.8 0.102860788174
0.9 0.130324238526
1 0.165388924629
1.1 0.210777395997
1.2 0.269763049583
1.3 0.345057430384
1.4 0.435903149001
1.5 0.534751210937
1.6 0.629126574986
1.7 0.709429028384
1.8 0.773106478239
1.9 0.822221082464
2 0.860064120607
2.1 0.889565737780
2.2 0.912944767307
2.3 0.931793400093
2.4 0.947240285698
2.5 0.960089828236
2.6 0.970922754515
2.7 0.980164920779
2.8 0.988133729612
2.9 0.995069525278
3 1.000000000000
3.1 1.000000000000
3.2 1.000000000000
3.3 1.000000000000
3.4 1.000000000000
3.5 1.000000000000
3.6 1.000000000000
3.7 1.000000000000
3.8 1.000000000000
3.9 1.000000000000
4 1.000000000000
4.1 1.000000000000
4.2 1.000000000000
4.3 1.000000000000
4.4 1.000000000000
4.5 1.000000000000
4.6 1.000000000000
4.7 1.000000000000
4.8 1.000000000000
4.9 1.000000000000
5 1.000000000000
5.1 1.000000000000
5.2 1.000000000000
5.3 1.000000000000
5.4 1.000000000000
5.5 1.000000000000
5.6 1.000000000000
5.7 1.000000000000
5.8 1.000000000000
5.9 1.000000000000
6 1.000000000000
6.1 1.000000000000
6.2 1.000000000000
6.3 1.000000000000
6.4 1.000000000000
6.5 1.000000000000
6.6 1.000000000000
6.7 1.000000000000
6.8 1.000000000000
6.9 1.000000000000
7 1.000000000000
7.1 0.995069525278
7.2 0.988133729612
7.3 0.980164920779
7.4 0.970922754515
7.5 0.960089828236
7.6 0.947240285698
7.7 0.931793400093
7.8 0.912944767307
7.9 0.889565737780
8 0.860064120607
8.1 0.822221082464
8.2 0.773106478239
8.3 0.709429028384
8.4 0.629126574986
8.5 0.534751210937
8.6 0.435903149001
8.7 0.345057430384
8.8 0.269763049583
8.9 0.210777395997
9 0.165388924629
9.1 0.130324238526
9.2 0.102860788174
9.3 0.080983870895
9.4 0.063257178624
9.5 0.048662158566
9.6 0.036470434024
9.7 0.026153776829
9.8 0.017322936763
9.9 0.009686392547
10 0.003022381811
