0 0.000189348580
0.1 0.000651830538
0.2 0.001253736673
0.3 0.002036973140
0.4 0.003055954161
0.5 0.004381274638
0.6 0.006104418810
0.7 0.008343767560
0.8 0.011252212143
0.9 0.015026718327
1 0.019920195024
1.1 0.026255974612
1.2 0.034445055617
1.3 0.045005905528
1.4 0.058585937076
1.5 0.075982555477
1.6 0.098159656708
1.7 0.126252322648
1.8 0.161547952429
1.9 0.205426262002
2 0.259234413936
2.1 0.324069707819
2.2 0.400446326834
2.3 0.487843498168
2.4 0.584180200054
2.5 0.685339812947
2.6 0.784959165012
2.7 0.874746652975
2.8 0.945521365009
2.9 0.988913957462
3 1.000000000000
3.1 1.000000000000
3.2 1.000000000000
3.3 1.000000000000
3.4 1.000000000000
3.5 1.000000000000
3.6 1.000000000000
3.7 1.000000000000
3.8 1.000000000000
3.9 1.000000000000
4 1.000000000000
4.1 1.000000000000
4.2 1.000000000000
4.3 1.000000000000
4.4 1.000000000000
4.5 1.000000000000
4.6 1.000000000000
4.7 1.000000000000
4.8 1.000000000000
4.9 1.000000000000
5 1.000000000000
5.1 1.000000000000
5.2 1.000000000000
5.3 1.000000000000
5.4 1.000000000000
5.5 1.000000000000
5.6 1.000000000000
5.7 1.000000000000
5.8 1.000000000000
5.9 1.000000000000
6 1.000000000000
6.1 1.000000000000
6.2 1.000000000000
6.3 1.000000000000
6.4 1.000000000000
6.5 1.000000000000
6.6 1.000000000000
6.7 1.000000000000
6.8 1.000000000000
6.9 1.000000000000
7 1.000000000000
7.1 0.988913957462
7.2 0.945521365009
7.3 0.874746652975
7.4 0.784959165012
7.5 0.685339812947
7.6 0.584180200054
7.7 0.487843498168
7.8 0.400446326834
7.9 0.324069707819
8 0.259234413936
8.1 0.205426262002
8.2 0.161547952429
8.3 0.126252322648
8.4 0.098159656708
8.5 0.075982555477
8.6 0.058585937076
8.7 0.045005905528
8.8 0.034445055617
8.9 0.026255974612
9 0.019920195024
9.1 0.015026718327
9.2 0.011252212143
9.3 0.008343767560
9.4 0.006104418810
9.5 0.004381274638
9.6 0.003055954161
9.7 0.002036973140
9.8 0.001253736673
9.9 0.000651830538
10 0.000189348580
