0 0.000542522917
0.1 0.002007063109
0.2 0.004175374139
0.3 0.007380025398
0.4 0.012104087436
0.5 0.019041442910
0.6 0.029172200773
0.7 0.043846094183
0.8 0.064851158347
0.9 0.094416663703
1 0.135059323118
1.1 0.189150985713
1.2 0.258124039037
1.3 0.341424861725
1.4 0.435678537176
1.5 0.534770032721
1.6 0.631216702260
1.7 0.718295397583
1.8 0.791742405104
1.9 0.850217490382
2 0.894669933615
2.1 0.927289479855
2.2 0.950610584138
2.3 0.966975117422
2.4 0.978308166888
2.5 0.986085427241
2.6 0.991389174224
2.7 0.994990643122
2.8 0.997429089087
2.9 0.999076837077
3 1.000000000000
3.1 1.000000000000
3.2 1.000000000000
3.3 1.000000000000
3.4 1.000000000000
3.5 1.000000000000
3.6 1.000000000000
3.7 1.000000000000
3.8 1.000000000000
3.9 1.000000000000
4 1.000000000000
4.1 1.000000000000
4.2 1.000000000000
4.3 1.000000000000
4.4 1.000000000000
4.5 1.000000000000
4.6 1.000000000000
4.7 1.000000000000
4.8 1.000000000000
4.9 1.000000000000
5 1.000000000000
5.1 1.000000000000
5.2 1.000000000000
5.3 1.000000000000
5.4 1.000000000000
5.5 1.000000000000
5.6 1.000000000000
5.7 1.000000000000
5.8 1.000000000000
5.9 1.000000000000
6 1.000000000000
6.1 1.000000000000
6.2 1.000000000000
6.3 1.000000000000
6.4 1.000000000000
6.5 1.000000000000
6.6 1.000000000000
6.7 1.000000000000
6.8 1.000000000000
6.9 1.000000000000
7 1.000000000000
7.1 0.999076837077
7.2 0.997429089087
7.3 0.994990643122
7.4 0.991389174224
7.5 0.986085427241
7.6 0.978308166888
7.7 0.966975117422
7.8 0.950610584138
7.9 0.927289479855
8 0.894669933615
8.1 0.850217490382
8.2 0.791742405104
8.3 0.718295397583
8.4 0.631216702260
8.5 0.534770032721
8.6 0.435678537176
8.7 0.341424861725
8.8 0.258124039037
8.9 0.189150985713
9 0.135059323118
9.1 0.094416663703
9.2 0.064851158347
9.3 0.043846094183
9.4 0.029172200773
9.5 0.019041442910
9.6 0.012104087436
9.7 0.007380025398
9.8 0.004175374139
9.9 0.002007063109
10 0.000542522917
