0 0.005048846502
0.1 0.015622786395
0.2 0.026881165144
0.3 0.038889647314
0.4 0.051722086644
0.5 0.065461738367
0.6 0.080202663916
0.7 0.096051353799
0.8 0.113128593172
0.9 0.131571589003
1 0.151536364566
1.1 0.173200400416
1.2 0.196765451644
1.3 0.222460383440
1.4 0.250543715044
1.5 0.281305304602
1.6 0.315066177808
1.7 0.352174799235
1.8 0.392996956009
1.9 0.437894668318
2 0.487186947539
2.1 0.541081723275
2.2 0.599564376491
2.3 0.662226184116
2.4 0.728021256603
2.5 0.794964666044
2.6 0.859843470005
2.7 0.918111812508
2.8 0.964235246972
2.9 0.992698569157
3 1.000000000000
3.1 1.000000000000
3.2 1.000000000000
3.3 1.000000000000
3.4 1.000000000000
3.5 1.000000000000
3.6 1.000000000000
3.7 1.000000000000
3.8 1.000000000000
3.9 1.000000000000
4 1.000000000000
4.1 1.000000000000
4.2 1.000000000000
4.3 1.000000000000
4.4 1.000000000000
4.5 1.000000000000
4.6 1.000000000000
4.7 1.000000000000
4.8 1.000000000000
4.9 1.000000000000
5 1.000000000000
5.1 1.000000000000
5.2 1.000000000000
5.3 1.000000000000
5.4 1.000000000000
5.5 1.000000000000
5.6 1.000000000000
5.7 1.000000000000
5.8 1.000000000000
5.9 1.000000000000
6 1.000000000000
6.1 1.000000000000
6.2 1.000000000000
6.3 1.000000000000
6.4 1.000000000000
6.5 1.000000000000
6.6 1.000000000000
6.7 1.000000000000
6.8 1.000000000000
6.9 1.000000000000
7 1.000000000000
7.1 0.992698569157
7.2 0.964235246972
7.3 0.918111812508
7.4 0.859843470005
7.5 0.794964666044
7.6 0.728021256603
7.7 0.662226184116
7.8 0.599564376491
7.9 0.541081723275
8 0.487186947539
8.1 0.437894668318
8.2 0.392996956009
8.3 0.352174799235
8.4 0.315066177808
8.5 0.281305304602
8.6 0.250543715044
8.7 0.222460383440
8.8 0.196765451644
8.9 0.173200400416
9 0.151536364566
9.1 0.131571589003
9.2 0.113128593172
9.3 0.096051353799
9.4 0.080202663916
9.5 0.065461738367
9.6 0.051722086644
9.7 0.038889647314
9.8 0.026881165144
9.9 0.015622786395
10 0.005048846502
