0 0.000014778961
0.1 0.000398174602
0.2 0.001835480895
0.3 0.005004085735
0.4 0.010543975181
0.5 0.019043620355
0.6 0.031026697397
0.7 0.046939857840
0.8 0.067141751723
0.9 0.091893487684
1 0.121350693609
1.1 0.155557318253
1.2 0.194441289025
1.3 0.237812114149
1.4 0.285360489012
1.5 0.336659937150
1.6 0.391170486280
1.7 0.448244349625
1.8 0.507133552778
1.9 0.566999417001
2 0.626923781532
2.1 0.685921820577
2.2 0.742956285600
2.3 0.796952980556
2.4 0.846817257316
2.5 0.891451300857
2.6 0.929771959194
2.7 0.960728861680
2.8 0.983322561444
2.9 0.996622433398
3 1.000000000000
3.1 1.000000000000
3.2 1.000000000000
3.3 1.000000000000
3.4 1.000000000000
3.5 1.000000000000
3.6 1.000000000000
3.7 1.000000000000
3.8 1.000000000000
3.9 1.000000000000
4 1.000000000000
4.1 1.000000000000
4.2 1.000000000000
4.3 1.000000000000
4.4 1.000000000000
4.5 1.000000000000
4.6 1.000000000000
4.7 1.000000000000
4.8 1.000000000000
4.9 1.000000000000
5 1.000000000000
5.1 1.000000000000
5.2 1.000000000000
5.3 1.000000000000
5.4 1.000000000000
5.5 1.000000000000
5.6 1.000000000000
5.7 1.000000000000
5.8 1.000000000000
5.9 1.000000000000
6 1.000000000000
6.1 1.000000000000
6.2 1.000000000000
6.3 1.000000000000
6.4 1.000000000000
6.5 1.000000000000
6.6 1.000000000000
6.7 1.000000000000
6.8 1.000000000000
6.9 1.000000000000
7 1.000000000000
7.1 0.996622433398
7.2 0.983322561444
7.3 0.960728861680
7.4 0.929771959194
7.5 0.891451300857
7.6 0.846817257316
7.7 0.796952980556
7.8 0.742956285600
7.9 0.685921820577
8 0.626923781532
8.1 0.566999417001
8.2 0.507133552778
8.3 0.448244349625
8.4 0.391170486280
8.5 0.336659937150
8.6 0.285360489012
8.7 0.237812114149
8.8 0.194441289025
8.9 0.155557318253
9 0.121350693609
9.1 0.091893487684
9.2 0.067141751723
9.3 0.046939857840
9.4 0.031026697397
9.5 0.019043620355
9.6 0.010543975181
9.7 0.005004085735
9.8 0.001835480895
9.9 0.000398174602
10 0.000014778961
