0 0.128458748885
0.1 0.222497079745
0.2 0.287242494811
0.3 0.339869903279
0.4 0.385376246654
0.5 0.426049471089
0.6 0.463164605886
0.7 0.497518595105
0.8 0.529648990186
0.9 0.559938704802
1 0.588671940443
1.1 0.616066517346
1.2 0.642293744423
1.3 0.667491239235
1.4 0.691771533662
1.5 0.715228044134
1.6 0.737939330464
1.7 0.759972207239
1.8 0.781384064405
1.9 0.802224629662
2 0.822537328494
2.1 0.842360348720
2.2 0.861727484432
2.3 0.880668812753
2.4 0.899211242193
2.5 0.917378961180
2.6 0.935193808120
2.7 0.952675579133
2.8 0.969842285841
2.9 0.986710372772
3 1.000000000000
3.1 1.000000000000
3.2 1.000000000000
3.3 1.000000000000
3.4 1.000000000000
3.5 1.000000000000
3.6 1.000000000000
3.7 1.000000000000
3.8 1.000000000000
3.9 1.000000000000
4 1.000000000000
4.1 1.000000000000
4.2 1.000000000000
4.3 1.000000000000
4.4 1.000000000000
4.5 1.000000000000
4.6 1.000000000000
4.7 1.000000000000
4.8 1.000000000000
4.9 1.000000000000
5 1.000000000000
5.1 1.000000000000
5.2 1.000000000000
5.3 1.000000000000
5.4 1.000000000000
5.5 1.000000000000
5.6 1.000000000000
5.7 1.000000000000
5.8 1.000000000000
5.9 1.000000000000
6 1.000000000000
6.1 1.000000000000
6.2 1.000000000000
6.3 1.000000000000
6.4 1.000000000000
6.5 1.000000000000
6.6 1.000000000000
6.7 1.000000000000
6.8 1.000000000000
6.9 1.000000000000
7 1.000000000000
7.1 0.986710372772
7.2 0.969842285841
7.3 0.952675579133
7.4 0.935193808120
7.5 0.917378961180
7.6 0.899211242193
7.7 0.880668812753
7.8 0.861727484432
7.9 0.842360348720
8 0.822537328494
8.1 0.802224629662
8.2 0.781384064405
8.3 0.759972207239
8.4 0.737939330464
8.5 0.715228044134
8.6 0.691771533662
8.7 0.667491239235
8.8 0.642293744423
8.9 0.616066517346
9 0.588671940443
9.1 0.559938704802
9.2 0.529648990186
9.3 0.497518595105
9.4 0.463164605886
9.5 0.426049471089
9.6 0.385376246654
9.7 0.339869903279
9.8 0.287242494811
9.9 0.222497079745
10 0.128458748885
