0 0.000000001224
0.1 0.000000297333
0.2 0.000003823727
0.3 0.000020564923
0.4 0.000072251926
0.5 0.000197060829
0.6 0.000454311406
0.7 0.000929165711
0.8 0.001737326668
0.9 0.003029736674
1 0.004997276191
1.1 0.007875462343
1.2 0.011949147512
1.3 0.017557217934
1.4 0.025097292293
1.5 0.035030420321
1.6 0.047885781392
1.7 0.064265383116
1.8 0.084848759939
1.9 0.110397671734
2 0.141760802402
2.1 0.179878458466
2.2 0.225787267664
2.3 0.280624877552
2.4 0.345634654092
2.5 0.422170380253
2.6 0.511700954606
2.7 0.615815089919
2.8 0.736226011755
2.9 0.874776157066
3 1.000000000000
3.1 1.000000000000
3.2 1.000000000000
3.3 1.000000000000
3.4 1.000000000000
3.5 1.000000000000
3.6 1.000000000000
3.7 1.000000000000
3.8 1.000000000000
3.9 1.000000000000
4 1.000000000000
4.1 1.000000000000
4.2 1.000000000000
4.3 1.000000000000
4.4 1.000000000000
4.5 1.000000000000
4.6 1.000000000000
4.7 1.000000000000
4.8 1.000000000000
4.9 1.000000000000
5 1.000000000000
5.1 1.000000000000
5.2 1.000000000000
5.3 1.000000000000
5.4 1.000000000000
5.5 1.000000000000
5.6 1.000000000000
5.7 1.000000000000
5.8 1.000000000000
5.9 1.000000000000
6 1.000000000000
6.1 1.000000000000
6.2 1.000000000000
6.3 1.000000000000
6.4 1.000000000000
6.5 1.000000000000
6.6 1.000000000000
6.7 1.000000000000
6.8 1.000000000000
6.9 1.000000000000
7 1.000000000000
7.1 0.874776157066
7.2 0.736226011755
7.3 0.615815089919
7.4 0.511700954606
7.5 0.422170380253
7.6 0.345634654092
7.7 0.280624877552
7.8 0.225787267664
7.9 0.179878458466
8 0.141760802402
8.1 0.110397671734
8.2 0.084848759939
8.3 0.064265383116
8.4 0.047885781392
8.5 0.035030420321
8.6 0.025097292293
8.7 0.017557217934
8.8 0.011949147512
8.9 0.007875462343
9 0.004997276191
9.1 0.003029736674
9.2 0.001737326668
9.3 0.000929165711
9.4 0.000454311406
9.5 0.000197060829
9.6 0.000072251926
9.7 0.000020564923
9.8 0.000003823727
9.9 0.000000297333
10 0.000000001224
