0 0.000004493473
0.1 0.000121323768
0.2 0.000561684113
0.3 0.001541261207
0.4 0.003275741749
0.5 0.005980812439
0.6 0.009872159977
0.7 0.015165471061
0.8 0.022076432392
0.9 0.030820730670
1 0.041614052592
1.1 0.054672084860
1.2 0.070210514173
1.3 0.088445027230
1.4 0.109591310731
1.5 0.133865051375
1.6 0.161481935861
1.7 0.192657650891
1.8 0.227607883162
1.9 0.266548319375
2 0.309694646228
2.1 0.357262550423
2.2 0.409467718657
2.3 0.466525837631
2.4 0.528652594044
2.5 0.596063674596
2.6 0.668974765986
2.7 0.747601554914
2.8 0.832159728079
2.9 0.922864972182
3 1.000000000000
3.1 1.000000000000
3.2 1.000000000000
3.3 1.000000000000
3.4 1.000000000000
3.5 1.000000000000
3.6 1.000000000000
3.7 1.000000000000
3.8 1.000000000000
3.9 1.000000000000
4 1.000000000000
4.1 1.000000000000
4.2 1.000000000000
4.3 1.000000000000
4.4 1.000000000000
4.5 1.000000000000
4.6 1.000000000000
4.7 1.000000000000
4.8 1.000000000000
4.9 1.000000000000
5 1.000000000000
5.1 1.000000000000
5.2 1.000000000000
5.3 1.000000000000
5.4 1.000000000000
5.5 1.000000000000
5.6 1.000000000000
5.7 1.000000000000
5.8 1.000000000000
5.9 1.000000000000
6 1.000000000000
6.1 1.000000000000
6.2 1.000000000000
6.3 1.000000000000
6.4 1.000000000000
6.5 1.000000000000
6.6 1.000000000000
6.7 1.000000000000
6.8 1.000000000000
6.9 1.000000000000
7 1.000000000000
7.1 0.922864972182
7.2 0.832159728079
7.3 0.747601554914
7.4 0.668974765986
7.5 0.596063674596
7.6 0.528652594044
7.7 0.466525837631
7.8 0.409467718657
7.9 0.357262550423
8 0.309694646228
8.1 0.266548319375
8.2 0.227607883162
8.3 0.192657650891
8.4 0.161481935861
8.5 0.133865051375
8.6 0.109591310731
8.7 0.088445027230
8.8 0.070210514173
8.9 0.054672084860
9 0.041614052592
9.1 0.030820730670
9.2 0.022076432392
9.3 0.015165471061
9.4 0.009872159977
9.5 0.005980812439
9.6 0.003275741749
9.7 0.001541261207
9.8 0.000561684113
9.9 0.000121323768
10 0.000004493473
