0 0.000000000000
0.1 0.000000000729
0.2 0.000000026030
0.3 0.000000274396
0.4 0.000001593636
0.5 0.000006492926
0.6 0.000020907163
0.7 0.000056928592
0.8 0.000136720639
0.9 0.000297828900
1 0.000600104238
1.1 0.001134452935
1.2 0.002033628837
1.3 0.003485282454
1.4 0.005747481951
1.5 0.009166920980
1.6 0.014200028302
1.7 0.021437194152
1.8 0.031630328278
1.9 0.045723964619
2 0.064890127558
2.1 0.090567174706
2.2 0.124502831155
2.3 0.168801630154
2.4 0.225976975153
2.5 0.299008038165
2.6 0.391401709388
2.7 0.507259813037
2.8 0.651351804342
2.9 0.829193162639
3 1.000000000000
3.1 1.000000000000
3.2 1.000000000000
3.3 1.000000000000
3.4 1.000000000000
3.5 1.000000000000
3.6 1.000000000000
3.7 1.000000000000
3.8 1.000000000000
3.9 1.000000000000
4 1.000000000000
4.1 1.000000000000
4.2 1.000000000000
4.3 1.000000000000
4.4 1.000000000000
4.5 1.000000000000
4.6 1.000000000000
4.7 1.000000000000
4.8 1.000000000000
4.9 1.000000000000
5 1.000000000000
5.1 1.000000000000
5.2 1.000000000000
5.3 1.000000000000
5.4 1.000000000000
5.5 1.000000000000
5.6 1.000000000000
5.7 1.000000000000
5.8 1.000000000000
5.9 1.000000000000
6 1.000000000000
6.1 1.000000000000
6.2 1.000000000000
6.3 1.000000000000
6.4 1.000000000000
6.5 1.000000000000
6.6 1.000000000000
6.7 1.000000000000
6.8 1.000000000000
6.9 1.000000000000
7 1.000000000000
7.1 0.829193162639
7.2 0.651351804342
7.3 0.507259813037
7.4 0.391401709388
7.5 0.299008038165
7.6 0.225976975153
7.7 0.168801630154
7.8 0.124502831155
7.9 0.090567174706
8 0.064890127558
8.1 0.045723964619
8.2 0.031630328278
8.3 0.021437194152
8.4 0.014200028302
8.5 0.009166920980
8.6 0.005747481951
8.7 0.003485282454
8.8 0.002033628837
8.9 0.001134452935
9 0.000600104238
9.1 0.000297828900
9.2 0.000136720639
9.3 0.000056928592
9.4 0.000020907163
9.5 0.000006492926
9.6 0.000001593636
9.7 0.000000274396
9.8 0.000000026030
9.9 0.000000000729
10 0.000000000000
