-79 12.5
-68.299999999999997 11.800000000000001
-62.799999999999997 10.800000000000001
-61 10.199999999999999
-59.799999999999997 8.5999999999999996
-58.100000000000001 7.7999999999999998
-56.200000000000003 6.0999999999999996
-54.700000000000003 5
-52.799999999999997 4.2000000000000002
-51.200000000000003 3.1000000000000001
-50 1.3999999999999999
-49.200000000000003 -0.5
-45.799999999999997 -1.6000000000000001
-43.5 -2.5
-41 -4
-38.600000000000001 -6.2000000000000002
-36.200000000000003 -8
-35 -10
-36 -12.5
-38.399999999999999 -14.5
-39.5 -16.800000000000001
-40.200000000000003 -19
-41 -21.5
-43 -23
-44.799999999999997 -24.199999999999999
-46.299999999999997 -25.800000000000001
-48 -27.600000000000001
-50.200000000000003 -29.699999999999999
-52.5 -31.5
-54.799999999999997 -33.200000000000003
-57 -35
-58.799999999999997 -37.200000000000003
-60.799999999999997 -39
-62 -41
-63.700000000000003 -43.200000000000003
-65.200000000000003 -45
-66.799999999999997 -47.5
-68 -50
-69.5 -52.5
-71.5 -54.5
-73.599999999999994 -55.600000000000001
-73.799999999999997 -8
-75.200000000000003 -6
-76.799999999999997 -4
-78.200000000000003 -1.8
-80.200000000000003 0.20000000000000001
-81.200000000000003 2.5
-80.599999999999994 5
-80.400000000000006 9.8000000000000007
-79 12.5
