0 0.000093959658
0.1 0.000901720497
0.2 0.002666111532
0.3 0.005552166017
0.4 0.009734106585
0.5 0.015394104318
0.6 0.022720753076
0.7 0.031907244769
0.8 0.043149234161
0.9 0.056642385269
1 0.072579595552
1.1 0.091147898838
1.2 0.112525053359
1.3 0.136875827395
1.4 0.164348001745
1.5 0.195068115714
1.6 0.229136991315
1.7 0.266625079046
1.8 0.307567677734
1.9 0.351960090586
2 0.399752789566
2.1 0.450846670446
2.2 0.505088491295
2.3 0.562266597493
2.4 0.622107046558
2.5 0.684270255881
2.6 0.748348305662
2.7 0.813863037767
2.8 0.880265098568
2.9 0.946934079828
3 1.000000000000
3.1 1.000000000000
3.2 1.000000000000
3.3 1.000000000000
3.4 1.000000000000
3.5 1.000000000000
3.6 1.000000000000
3.7 1.000000000000
3.8 1.000000000000
3.9 1.000000000000
4 1.000000000000
4.1 1.000000000000
4.2 1.000000000000
4.3 1.000000000000
4.4 1.000000000000
4.5 1.000000000000
4.6 1.000000000000
4.7 1.000000000000
4.8 1.000000000000
4.9 1.000000000000
5 1.000000000000
5.1 1.000000000000
5.2 1.000000000000
5.3 1.000000000000
5.4 1.000000000000
5.5 1.000000000000
5.6 1.000000000000
5.7 1.000000000000
5.8 1.000000000000
5.9 1.000000000000
6 1.000000000000
6.1 1.000000000000
6.2 1.000000000000
6.3 1.000000000000
6.4 1.000000000000
6.5 1.000000000000
6.6 1.000000000000
6.7 1.000000000000
6.8 1.000000000000
6.9 1.000000000000
7 1.000000000000
7.1 0.946934079828
7.2 0.880265098568
7.3 0.813863037767
7.4 0.748348305662
7.5 0.684270255881
7.6 0.622107046558
7.7 0.562266597493
7.8 0.505088491295
7.9 0.450846670446
8 0.399752789566
8.1 0.351960090586
8.2 0.307567677734
8.3 0.266625079046
8.4 0.229136991315
8.5 0.195068115714
8.6 0.164348001745
8.7 0.136875827395
8.8 0.112525053359
8.9 0.091147898838
9 0.072579595552
9.1 0.056642385269
9.2 0.043149234161
9.3 0.031907244769
9.4 0.022720753076
9.5 0.015394104318
9.6 0.009734106585
9.7 0.005552166017
9.8 0.002666111532
9.9 0.000901720497
10 0.000093959658
