0 0.180917096682
0.1 0.310739699534
0.2 0.397754811657
0.3 0.466562090037
0.4 0.524378719876
0.5 0.574532387418
0.6 0.618888884098
0.7 0.658620529488
0.8 0.694521502331
0.9 0.727159402657
1 0.756956432616
1.1 0.784236475318
1.2 0.809254114537
1.3 0.832213409473
1.4 0.853280528461
1.5 0.872592531444
1.6 0.890263644066
1.7 0.906389844545
1.8 0.921052283521
1.9 0.934319876700
2 0.946251298203
2.1 0.956896530999
2.2 0.966298083958
2.3 0.974491953490
2.4 0.981508386163
2.5 0.987372483481
2.6 0.992104679203
2.7 0.995721111653
2.8 0.998233907570
2.9 0.999651389529
3 1.000000000000
3.1 1.000000000000
3.2 1.000000000000
3.3 1.000000000000
3.4 1.000000000000
3.5 1.000000000000
3.6 1.000000000000
3.7 1.000000000000
3.8 1.000000000000
3.9 1.000000000000
4 1.000000000000
4.1 1.000000000000
4.2 1.000000000000
4.3 1.000000000000
4.4 1.000000000000
4.5 1.000000000000
4.6 1.000000000000
4.7 1.000000000000
4.8 1.000000000000
4.9 1.000000000000
5 1.000000000000
5.1 1.000000000000
5.2 1.000000000000
5.3 1.000000000000
5.4 1.000000000000
5.5 1.000000000000
5.6 1.000000000000
5.7 1.000000000000
5.8 1.000000000000
5.9 1.000000000000
6 1.000000000000
6.1 1.000000000000
6.2 1.000000000000
6.3 1.000000000000
6.4 1.000000000000
6.5 1.000000000000
6.6 1.000000000000
6.7 1.000000000000
6.8 1.000000000000
6.9 1.000000000000
7 1.000000000000
7.1 0.999651389529
7.2 0.998233907570
7.3 0.995721111653
7.4 0.992104679203
7.5 0.987372483481
7.6 0.981508386163
7.7 0.974491953490
7.8 0.966298083958
7.9 0.956896530999
8 0.946251298203
8.1 0.934319876700
8.2 0.921052283521
8.3 0.906389844545
8.4 0.890263644066
8.5 0.872592531444
8.6 0.853280528461
8.7 0.832213409473
8.8 0.809254114537
8.9 0.784236475318
9 0.756956432616
9.1 0.727159402657
9.2 0.694521502331
9.3 0.658620529488
9.4 0.618888884098
9.5 0.574532387418
9.6 0.524378719876
9.7 0.466562090037
9.8 0.397754811657
9.9 0.310739699534
10 0.180917096682
