0 0.000008986946
0.1 0.000242647537
0.2 0.001123368227
0.3 0.003082522414
0.4 0.006551483499
0.5 0.011961624879
0.6 0.019744319954
0.7 0.030330942123
0.8 0.044152864785
0.9 0.061641461339
1 0.083228105185
1.1 0.109344169721
1.2 0.140421028346
1.3 0.176890054460
1.4 0.219182621461
1.5 0.267717772660
1.6 0.322256311505
1.7 0.381583095080
1.8 0.444404003188
1.9 0.509424915631
2 0.575351712213
2.1 0.640890272735
2.2 0.704746477000
2.3 0.765626204812
2.4 0.822235335974
2.5 0.873279750287
2.6 0.917465327554
2.7 0.953497947579
2.8 0.980083490165
2.9 0.995927835113
3 1.000000000000
3.1 1.000000000000
3.2 1.000000000000
3.3 1.000000000000
3.4 1.000000000000
3.5 1.000000000000
3.6 1.000000000000
3.7 1.000000000000
3.8 1.000000000000
3.9 1.000000000000
4 1.000000000000
4.1 1.000000000000
4.2 1.000000000000
4.3 1.000000000000
4.4 1.000000000000
4.5 1.000000000000
4.6 1.000000000000
4.7 1.000000000000
4.8 1.000000000000
4.9 1.000000000000
5 1.000000000000
5.1 1.000000000000
5.2 1.000000000000
5.3 1.000000000000
5.4 1.000000000000
5.5 1.000000000000
5.6 1.000000000000
5.7 1.000000000000
5.8 1.000000000000
5.9 1.000000000000
6 1.000000000000
6.1 1.000000000000
6.2 1.000000000000
6.3 1.000000000000
6.4 1.000000000000
6.5 1.000000000000
6.6 1.000000000000
6.7 1.000000000000
6.8 1.000000000000
6.9 1.000000000000
7 1.000000000000
7.1 0.995927835113
7.2 0.980083490165
7.3 0.953497947579
7.4 0.917465327554
7.5 0.873279750287
7.6 0.822235335974
7.7 0.765626204812
7.8 0.704746477000
7.9 0.640890272735
8 0.575351712213
8.1 0.509424915631
8.2 0.444404003188
8.3 0.381583095080
8.4 0.322256311505
8.5 0.267717772660
8.6 0.219182621461
8.7 0.176890054460
8.8 0.140421028346
8.9 0.109344169721
9 0.083228105185
9.1 0.061641461339
9.2 0.044152864785
9.3 0.030330942123
9.4 0.019744319954
9.5 0.011961624879
9.6 0.006551483499
9.7 0.003082522414
9.8 0.001123368227
9.9 0.000242647537
10 0.000008986946
