0 0.000272304458
0.1 0.002450740124
0.2 0.006807611454
0.3 0.013342918450
0.4 0.022056661112
0.5 0.032948839438
0.6 0.046019453430
0.7 0.061268503088
0.8 0.078695988411
0.9 0.098301909399
1 0.120086266052
1.1 0.144049058371
1.2 0.170190286355
1.3 0.198509950005
1.4 0.229008049320
1.5 0.261684584300
1.6 0.296539554946
1.7 0.333572961257
1.8 0.372784803233
1.9 0.414175080874
2 0.457743794181
2.1 0.503490943154
2.2 0.551416527791
2.3 0.601520548094
2.4 0.653803004063
2.5 0.708263895697
2.6 0.764903222996
2.7 0.823720985960
2.8 0.884717184590
2.9 0.947891818885
3 1.000000000000
3.1 1.000000000000
3.2 1.000000000000
3.3 1.000000000000
3.4 1.000000000000
3.5 1.000000000000
3.6 1.000000000000
3.7 1.000000000000
3.8 1.000000000000
3.9 1.000000000000
4 1.000000000000
4.1 1.000000000000
4.2 1.000000000000
4.3 1.000000000000
4.4 1.000000000000
4.5 1.000000000000
4.6 1.000000000000
4.7 1.000000000000
4.8 1.000000000000
4.9 1.000000000000
5 1.000000000000
5.1 1.000000000000
5.2 1.000000000000
5.3 1.000000000000
5.4 1.000000000000
5.5 1.000000000000
5.6 1.000000000000
5.7 1.000000000000
5.8 1.000000000000
5.9 1.000000000000
6 1.000000000000
6.1 1.000000000000
6.2 1.000000000000
6.3 1.000000000000
6.4 1.000000000000
6.5 1.000000000000
6.6 1.000000000000
6.7 1.000000000000
6.8 1.000000000000
6.9 1.000000000000
7 1.000000000000
7.1 0.947891818885
7.2 0.884717184590
7.3 0.823720985960
7.4 0.764903222996
7.5 0.708263895697
7.6 0.653803004063
7.7 0.601520548094
7.8 0.551416527791
7.9 0.503490943154
8 0.457743794181
8.1 0.414175080874
8.2 0.372784803233
8.3 0.333572961257
8.4 0.296539554946
8.5 0.261684584300
8.6 0.229008049320
8.7 0.198509950005
8.8 0.170190286355
8.9 0.144049058371
9 0.120086266052
9.1 0.098301909399
9.2 0.078695988411
9.3 0.061268503088
9.4 0.046019453430
9.5 0.032948839438
9.6 0.022056661112
9.7 0.013342918450
9.8 0.006807611454
9.9 0.002450740124
10 0.000272304458
