-73.599999999999994 -55.600000000000001
-71.5 -54.5
-69.5 -52.5
-68 -50
-66.799999999999997 -47.5
-65.200000000000003 -45
-63.700000000000003 -43.200000000000003
-62 -41
-60.799999999999997 -39
-58.799999999999997 -37.200000000000003
-57 -35
-54.799999999999997 -33.200000000000003
-52.5 -31.5
-50.200000000000003 -29.699999999999999
-48 -27.600000000000001
-46.299999999999997 -25.800000000000001
-44.799999999999997 -24.199999999999999
-43 -23
-41 -21.5
-40.200000000000003 -19
-39.5 -16.800000000000001
-38.399999999999999 -14.5
-36 -12.5
-35 -10
-36.200000000000003 -8
-38.600000000000001 -6.2000000000000002
-41 -4
-43.5 -2.5
-45.799999999999997 -1.6000000000000001
-49.200000000000003 -0.5
-50 1.3999999999999999
-51.200000000000003 3.1000000000000001
-52.799999999999997 4.2000000000000002
-54.700000000000003 5
-56.200000000000003 6.0999999999999996
-58.100000000000001 7.7999999999999998
-59.799999999999997 8.5999999999999996
-61 10.199999999999999
-62.799999999999997 10.800000000000001
-68.299999999999997 11.800000000000001
-79 12.5
-80.400000000000006 9.8000000000000007
-80.599999999999994 5
-81.200000000000003 2.5
-80.200000000000003 0.20000000000000001
-78.200000000000003 -1.8
-76.799999999999997 -4
-75.200000000000003 -6
-73.799999999999997 -8
-73.599999999999994 -55.600000000000001
