0 0.021302465527
0.1 0.064396009534
0.2 0.108074473478
0.3 0.152249523869
0.4 0.196822956414
0.5 0.241686551138
0.6 0.286722032553
0.7 0.331801149135
0.8 0.376785885838
0.9 0.421528822359
1 0.465873648357
1.1 0.509655844751
1.2 0.552703537601
1.3 0.594838527852
1.4 0.635877496532
1.5 0.675633380758
1.6 0.713916911336
1.7 0.750538297877
1.8 0.785309042386
1.9 0.818043857338
2 0.848562659616
2.1 0.876692607425
2.2 0.902270143764
2.3 0.925143007327
2.4 0.945172170036
2.5 0.962233659940
2.6 0.976220229011
2.7 0.987042827513
2.8 0.994631850091
2.9 0.998938123407
3 1.000000000000
3.1 1.000000000000
3.2 1.000000000000
3.3 1.000000000000
3.4 1.000000000000
3.5 1.000000000000
3.6 1.000000000000
3.7 1.000000000000
3.8 1.000000000000
3.9 1.000000000000
4 1.000000000000
4.1 1.000000000000
4.2 1.000000000000
4.3 1.000000000000
4.4 1.000000000000
4.5 1.000000000000
4.6 1.000000000000
4.7 1.000000000000
4.8 1.000000000000
4.9 1.000000000000
5 1.000000000000
5.1 1.000000000000
5.2 1.000000000000
5.3 1.000000000000
5.4 1.000000000000
5.5 1.000000000000
5.6 1.000000000000
5.7 1.000000000000
5.8 1.000000000000
5.9 1.000000000000
6 1.000000000000
6.1 1.000000000000
6.2 1.000000000000
6.3 1.000000000000
6.4 1.000000000000
6.5 1.000000000000
6.6 1.000000000000
6.7 1.000000000000
6.8 1.000000000000
6.9 1.000000000000
7 1.000000000000
7.1 0.998938123407
7.2 0.994631850091
7.3 0.987042827513
7.4 0.976220229011
7.5 0.962233659940
7.6 0.945172170036
7.7 0.925143007327
7.8 0.902270143764
7.9 0.876692607425
8 0.848562659616
8.1 0.818043857338
8.2 0.785309042386
8.3 0.750538297877
8.4 0.713916911336
8.5 0.675633380758
8.6 0.635877496532
8.7 0.594838527852
8.8 0.552703537601
8.9 0.509655844751
9 0.465873648357
9.1 0.421528822359
9.2 0.376785885838
9.3 0.331801149135
9.4 0.286722032553
9.5 0.241686551138
9.6 0.196822956414
9.7 0.152249523869
9.8 0.108074473478
9.9 0.064396009534
10 0.021302465527
