0 0.002119781335
0.1 0.011014706918
0.2 0.023699875809
0.3 0.039258899719
0.4 0.057234096038
0.5 0.077335712574
0.6 0.099358743837
0.7 0.123148167105
0.8 0.148581399887
0.9 0.175558339789
1 0.203995226886
1.1 0.233820625396
1.2 0.264972666841
1.3 0.297397086788
1.4 0.331045783436
1.5 0.365875732148
1.6 0.401848150253
1.7 0.438927842465
1.8 0.477082679587
1.9 0.516283177505
2 0.556502152941
2.1 0.597714438861
2.2 0.639896646856
2.3 0.683026966987
2.4 0.727084997813
2.5 0.772051600993
2.6 0.817908776078
2.7 0.864639552018
2.8 0.912227892623
2.9 0.960658613755
3 1.000000000000
3.1 1.000000000000
3.2 1.000000000000
3.3 1.000000000000
3.4 1.000000000000
3.5 1.000000000000
3.6 1.000000000000
3.7 1.000000000000
3.8 1.000000000000
3.9 1.000000000000
4 1.000000000000
4.1 1.000000000000
4.2 1.000000000000
4.3 1.000000000000
4.4 1.000000000000
4.5 1.000000000000
4.6 1.000000000000
4.7 1.000000000000
4.8 1.000000000000
4.9 1.000000000000
5 1.000000000000
5.1 1.000000000000
5.2 1.000000000000
5.3 1.000000000000
5.4 1.000000000000
5.5 1.000000000000
5.6 1.000000000000
5.7 1.000000000000
5.8 1.000000000000
5.9 1.000000000000
6 1.000000000000
6.1 1.000000000000
6.2 1.000000000000
6.3 1.000000000000
6.4 1.000000000000
6.5 1.000000000000
6.6 1.000000000000
6.7 1.000000000000
6.8 1.000000000000
6.9 1.000000000000
7 1.000000000000
7.1 0.960658613755
7.2 0.912227892623
7.3 0.864639552018
7.4 0.817908776078
7.5 0.772051600993
7.6 0.727084997813
7.7 0.683026966987
7.8 0.639896646856
7.9 0.597714438861
8 0.556502152941
8.1 0.516283177505
8.2 0.477082679587
8.3 0.438927842465
8.4 0.401848150253
8.5 0.365875732148
8.6 0.331045783436
8.7 0.297397086788
8.8 0.264972666841
8.9 0.233820625396
9 0.203995226886
9.1 0.175558339789
9.2 0.148581399887
9.3 0.123148167105
9.4 0.099358743837
9.5 0.077335712574
9.6 0.057234096038
9.7 0.039258899719
9.8 0.023699875809
9.9 0.011014706918
10 0.002119781335
