0 0.004785978248
0.1 0.016261835875
0.2 0.030474906999
0.3 0.047637280585
0.4 0.067924029074
0.5 0.091465919713
0.6 0.118342739834
0.7 0.148577491659
0.8 0.182131622927
0.9 0.218901459616
1 0.258716046563
1.1 0.301336428142
1.2 0.346456508581
1.3 0.393705516737
1.4 0.442652071496
1.5 0.492809803633
1.6 0.543644447367
1.7 0.594582273546
1.8 0.645019697670
1.9 0.694333861261
2 0.741893955145
2.1 0.787073029260
2.2 0.829260016127
2.3 0.867871684907
2.4 0.902364240320
2.5 0.932244285705
2.6 0.957078882280
2.7 0.976504456690
2.8 0.990234335914
2.9 0.998064721652
3 1.000000000000
3.1 1.000000000000
3.2 1.000000000000
3.3 1.000000000000
3.4 1.000000000000
3.5 1.000000000000
3.6 1.000000000000
3.7 1.000000000000
3.8 1.000000000000
3.9 1.000000000000
4 1.000000000000
4.1 1.000000000000
4.2 1.000000000000
4.3 1.000000000000
4.4 1.000000000000
4.5 1.000000000000
4.6 1.000000000000
4.7 1.000000000000
4.8 1.000000000000
4.9 1.000000000000
5 1.000000000000
5.1 1.000000000000
5.2 1.000000000000
5.3 1.000000000000
5.4 1.000000000000
5.5 1.000000000000
5.6 1.000000000000
5.7 1.000000000000
5.8 1.000000000000
5.9 1.000000000000
6 1.000000000000
6.1 1.000000000000
6.2 1.000000000000
6.3 1.000000000000
6.4 1.000000000000
6.5 1.000000000000
6.6 1.000000000000
6.7 1.000000000000
6.8 1.000000000000
6.9 1.000000000000
7 1.000000000000
7.1 0.998064721652
7.2 0.990234335914
7.3 0.976504456690
7.4 0.957078882280
7.5 0.932244285705
7.6 0.902364240320
7.7 0.867871684907
7.8 0.829260016127
7.9 0.787073029260
8 0.741893955145
8.1 0.694333861261
8.2 0.645019697670
8.3 0.594582273546
8.4 0.543644447367
8.5 0.492809803633
8.6 0.442652071496
8.7 0.393705516737
8.8 0.346456508581
8.9 0.301336428142
9 0.258716046563
9.1 0.218901459616
9.2 0.182131622927
9.3 0.148577491659
9.4 0.118342739834
9.5 0.091465919713
9.6 0.067924029074
9.7 0.047637280585
9.8 0.030474906999
9.9 0.016261835875
10 0.004785978248
