0 0.079733398982
0.1 0.220756550387
0.2 0.340327219463
0.3 0.441708763990
0.4 0.527668118823
0.5 0.600551311890
0.6 0.662347492678
0.7 0.714743220681
0.8 0.759168495480
0.9 0.796835784707
1 0.828773115070
1.1 0.855852129557
1.2 0.878811876577
1.3 0.898278980281
1.4 0.914784742574
1.5 0.928779643562
1.6 0.940645636190
1.7 0.950706570608
1.8 0.959237032790
1.9 0.966469838613
2 0.972602387936
2.1 0.977802052092
2.2 0.982210741843
2.3 0.985948780441
2.4 0.989118187534
2.5 0.991805463508
2.6 0.994083950289
2.7 0.996015833006
2.8 0.997653837169
2.9 0.999042667667
3 1.000000000000
3.1 1.000000000000
3.2 1.000000000000
3.3 1.000000000000
3.4 1.000000000000
3.5 1.000000000000
3.6 1.000000000000
3.7 1.000000000000
3.8 1.000000000000
3.9 1.000000000000
4 1.000000000000
4.1 1.000000000000
4.2 1.000000000000
4.3 1.000000000000
4.4 1.000000000000
4.5 1.000000000000
4.6 1.000000000000
4.7 1.000000000000
4.8 1.000000000000
4.9 1.000000000000
5 1.000000000000
5.1 1.000000000000
5.2 1.000000000000
5.3 1.000000000000
5.4 1.000000000000
5.5 1.000000000000
5.6 1.000000000000
5.7 1.000000000000
5.8 1.000000000000
5.9 1.000000000000
6 1.000000000000
6.1 1.000000000000
6.2 1.000000000000
6.3 1.000000000000
6.4 1.000000000000
6.5 1.000000000000
6.6 1.000000000000
6.7 1.000000000000
6.8 1.000000000000
6.9 1.000000000000
7 1.000000000000
7.1 0.999042667667
7.2 0.997653837169
7.3 0.996015833006
7.4 0.994083950289
7.5 0.991805463508
7.6 0.989118187534
7.7 0.985948780441
7.8 0.982210741843
7.9 0.977802052092
8 0.972602387936
8.1 0.966469838613
8.2 0.959237032790
8.3 0.950706570608
8.4 0.940645636190
8.5 0.928779643562
8.6 0.914784742574
8.7 0.898278980281
8.8 0.878811876577
8.9 0.855852129557
9 0.828773115070
9.1 0.796835784707
9.2 0.759168495480
9.3 0.714743220681
9.4 0.662347492678
9.5 0.600551311890
9.6 0.527668118823
9.7 0.441708763990
9.8 0.340327219463
9.9 0.220756550387
10 0.079733398982
