0 0.000000074150
0.1 0.000006006127
0.2 0.000046343574
0.3 0.000178033473
0.4 0.000486496299
0.5 0.001085626020
0.6 0.002117790094
0.7 0.003753829471
0.8 0.006193058592
0.9 0.009663265391
1 0.014420711294
1.1 0.020750131218
1.2 0.028964733570
1.3 0.039406200251
1.4 0.052444686653
1.5 0.068478821660
1.6 0.087935707647
1.7 0.111270920481
1.8 0.138968509521
1.9 0.171540997617
2 0.209529381112
2.1 0.253503129838
2.2 0.304060187122
2.3 0.361826969780
2.4 0.427458368122
2.5 0.501637745947
2.6 0.585076940549
2.7 0.678516262711
2.8 0.782724496708
2.9 0.898498900309
3 1.000000000000
3.1 1.000000000000
3.2 1.000000000000
3.3 1.000000000000
3.4 1.000000000000
3.5 1.000000000000
3.6 1.000000000000
3.7 1.000000000000
3.8 1.000000000000
3.9 1.000000000000
4 1.000000000000
4.1 1.000000000000
4.2 1.000000000000
4.3 1.000000000000
4.4 1.000000000000
4.5 1.000000000000
4.6 1.000000000000
4.7 1.000000000000
4.8 1.000000000000
4.9 1.000000000000
5 1.000000000000
5.1 1.000000000000
5.2 1.000000000000
5.3 1.000000000000
5.4 1.000000000000
5.5 1.000000000000
5.6 1.000000000000
5.7 1.000000000000
5.8 1.000000000000
5.9 1.000000000000
6 1.000000000000
6.1 1.000000000000
6.2 1.000000000000
6.3 1.000000000000
6.4 1.000000000000
6.5 1.000000000000
6.6 1.000000000000
6.7 1.000000000000
6.8 1.000000000000
6.9 1.000000000000
7 1.000000000000
7.1 0.898498900309
7.2 0.782724496708
7.3 0.678516262711
7.4 0.585076940549
7.5 0.501637745947
7.6 0.427458368122
7.7 0.361826969780
7.8 0.304060187122
7.9 0.253503129838
8 0.209529381112
8.1 0.171540997617
8.2 0.138968509521
8.3 0.111270920481
8.4 0.087935707647
8.5 0.068478821660
8.6 0.052444686653
8.7 0.039406200251
8.8 0.028964733570
8.9 0.020750131218
9 0.014420711294
9.1 0.009663265391
9.2 0.006193058592
9.3 0.003753829471
9.4 0.002117790094
9.5 0.001085626020
9.6 0.000486496299
9.7 0.000178033473
9.8 0.000046343574
9.9 0.000006006127
10 0.000000074150
