0 0.000000000000
0.1 0.000000000000
0.2 0.000000000000
0.3 0.000000000000
0.4 0.000000000000
0.5 0.000000000000
0.6 0.000000000000
0.7 0.000000000000
0.8 0.000000000000
0.9 0.000000000000
1 0.000000000000
1.1 0.000000000000
1.2 0.000000000000
1.3 0.000000000000
1.4 0.000000000000
1.5 0.000000000000
1.6 0.000000000000
1.7 0.019207760791
1.8 0.073477791149
1.9 0.142064692232
2 0.224170990177
2.1 0.317906731678
2.2 0.420293623260
2.3 0.527372611182
2.4 0.634414138124
2.5 0.736218545981
2.6 0.827482985379
2.7 0.903202226774
2.8 0.959065214791
2.9 0.991807930990
3 1.000000000000
3.1 1.000000000000
3.2 1.000000000000
3.3 1.000000000000
3.4 1.000000000000
3.5 1.000000000000
3.6 1.000000000000
3.7 1.000000000000
3.8 1.000000000000
3.9 1.000000000000
4 1.000000000000
4.1 1.000000000000
4.2 1.000000000000
4.3 1.000000000000
4.4 1.000000000000
4.5 1.000000000000
4.6 1.000000000000
4.7 1.000000000000
4.8 1.000000000000
4.9 1.000000000000
5 1.000000000000
5.1 1.000000000000
5.2 1.000000000000
5.3 1.000000000000
5.4 1.000000000000
5.5 1.000000000000
5.6 1.000000000000
5.7 1.000000000000
5.8 1.000000000000
5.9 1.000000000000
6 1.000000000000
6.1 1.000000000000
6.2 1.000000000000
6.3 1.000000000000
6.4 1.000000000000
6.5 1.000000000000
6.6 1.000000000000
6.7 1.000000000000
6.8 1.000000000000
6.9 1.000000000000
7 1.000000000000
7.1 0.991807930990
7.2 0.959065214791
7.3 0.903202226774
7.4 0.827482985379
7.5 0.736218545981
7.6 0.634414138124
7.7 0.527372611182
7.8 0.420293623260
7.9 0.317906731678
8 0.224170990177
8.1 0.142064692232
8.2 0.073477791149
8.3 0.019207760791
8.4 0.000000000000
8.5 0.000000000000
8.6 0.000000000000
8.7 0.000000000000
8.8 0.000000000000
8.9 0.000000000000
9 0.000000000000
9.1 0.000000000000
9.2 0.000000000000
9.3 0.000000000000
9.4 0.000000000000
9.5 0.000000000000
9.6 0.000000000000
9.7 0.000000000000
9.8 0.000000000000
9.9 0.000000000000
10 0.000000000000
