0 0.080617995148
0.1 0.085551997719
0.2 0.095367009097
0.3 0.109957610936
0.4 0.129167092554
0.5 0.152789134090
0.6 0.180570022484
0.7 0.212211376492
0.8 0.247373351452
0.9 0.285678289394
1 0.326714775287
1.1 0.370042055847
1.2 0.415194773461
1.3 0.461687964368
1.4 0.509022267423
1.5 0.556689287499
1.6 0.604177055914
1.7 0.650975529243
1.8 0.696582067448
1.9 0.740506832499
2 0.782278049486
2.1 0.821447073731
2.2 0.857593209463
2.3 0.890328228313
2.4 0.919300539089
2.5 0.944198964046
2.6 0.964756081100
2.7 0.980751096083
2.8 0.992012214182
2.9 0.998418485110
3 1.000000000000
3.1 1.000000000000
3.2 1.000000000000
3.3 1.000000000000
3.4 1.000000000000
3.5 1.000000000000
3.6 1.000000000000
3.7 1.000000000000
3.8 1.000000000000
3.9 1.000000000000
4 1.000000000000
4.1 1.000000000000
4.2 1.000000000000
4.3 1.000000000000
4.4 1.000000000000
4.5 1.000000000000
4.6 1.000000000000
4.7 1.000000000000
4.8 1.000000000000
4.9 1.000000000000
5 1.000000000000
5.1 1.000000000000
5.2 1.000000000000
5.3 1.000000000000
5.4 1.000000000000
5.5 1.000000000000
5.6 1.000000000000
5.7 1.000000000000
5.8 1.000000000000
5.9 1.000000000000
6 1.000000000000
6.1 1.000000000000
6.2 1.000000000000
6.3 1.000000000000
6.4 1.000000000000
6.5 1.000000000000
6.6 1.000000000000
6.7 1.000000000000
6.8 1.000000000000
6.9 1.000000000000
7 1.000000000000
7.1 0.998418485110
7.2 0.992012214182
7.3 0.980751096083
7.4 0.964756081100
7.5 0.944198964046
7.6 0.919300539089
7.7 0.890328228313
7.8 0.857593209463
7.9 0.821447073731
8 0.782278049486
8.1 0.740506832499
8.2 0.696582067448
8.3 0.650975529243
8.4 0.604177055914
8.5 0.556689287499
8.6 0.509022267423
8.7 0.461687964368
8.8 0.415194773461
8.9 0.370042055847
9 0.326714775287
9.1 0.285678289394
9.2 0.247373351452
9.3 0.212211376492
9.4 0.180570022484
9.5 0.152789134090
9.6 0.129167092554
9.7 0.109957610936
9.8 0.095367009097
9.9 0.085551997719
10 0.080617995148
