0 0.016501650165
0.1 0.049504950495
0.2 0.082508250825
0.3 0.115511551155
0.4 0.148514851485
0.5 0.181518151815
0.6 0.214521452145
0.7 0.247524752475
0.8 0.280528052805
0.9 0.313531353135
1 0.346534653465
1.1 0.379537953795
1.2 0.412541254125
1.3 0.445544554455
1.4 0.478547854785
1.5 0.511551155116
1.6 0.544554455446
1.7 0.577557755776
1.8 0.610561056106
1.9 0.643564356436
2 0.676567656766
2.1 0.709570957096
2.2 0.742574257426
2.3 0.775577557756
2.4 0.808580858086
2.5 0.841584158416
2.6 0.874587458746
2.7 0.907590759076
2.8 0.940594059406
2.9 0.973597359736
3 1.000000000000
3.1 1.000000000000
3.2 1.000000000000
3.3 1.000000000000
3.4 1.000000000000
3.5 1.000000000000
3.6 1.000000000000
3.7 1.000000000000
3.8 1.000000000000
3.9 1.000000000000
4 1.000000000000
4.1 1.000000000000
4.2 1.000000000000
4.3 1.000000000000
4.4 1.000000000000
4.5 1.000000000000
4.6 1.000000000000
4.7 1.000000000000
4.8 1.000000000000
4.9 1.000000000000
5 1.000000000000
5.1 1.000000000000
5.2 1.000000000000
5.3 1.000000000000
5.4 1.000000000000
5.5 1.000000000000
5.6 1.000000000000
5.7 1.000000000000
5.8 1.000000000000
5.9 1.000000000000
6 1.000000000000
6.1 1.000000000000
6.2 1.000000000000
6.3 1.000000000000
6.4 1.000000000000
6.5 1.000000000000
6.6 1.000000000000
6.7 1.000000000000
6.8 1.000000000000
6.9 1.000000000000
7 1.000000000000
7.1 0.973597359736
7.2 0.940594059406
7.3 0.907590759076
7.4 0.874587458746
7.5 0.841584158416
7.6 0.808580858086
7.7 0.775577557756
7.8 0.742574257426
7.9 0.709570957096
8 0.676567656766
8.1 0.643564356436
8.2 0.610561056106
8.3 0.577557755776
8.4 0.544554455446
8.5 0.511551155116
8.6 0.478547854785
8.7 0.445544554455
8.8 0.412541254125
8.9 0.379537953795
9 0.346534653465
9.1 0.313531353135
9.2 0.280528052805
9.3 0.247524752475
9.4 0.214521452145
9.5 0.181518151815
9.6 0.148514851485
9.7 0.115511551155
9.8 0.082508250825
9.9 0.049504950495
10 0.016501650165
